name: recsys
channels:
  - conda-forge
  - defaults
dependencies:
  - altgraph=0.17.3=py39haa95532_0
  - ca-certificates=2023.12.12=haa95532_0
  - cachetools=4.2.2=pyhd3eb1b0_0
  - chardet=5.2.0=py39hcbf5309_1
  - charset-normalizer=3.3.2=pyhd8ed1ab_0
  - future=0.18.3=py39haa95532_0
  - importlib-metadata=7.0.1=py39haa95532_0
  - libzlib=1.2.13=hcfcfb64_5
  - openssl=3.0.13=h2bbff1b_0
  - packaging=23.1=py39haa95532_0
  - pefile=2022.5.30=py39haa95532_0
  - py2exe=0.13.0.1=py39ha55989b_0
  - pyinstaller=6.3.0=py39h84a0465_1
  - pyinstaller-hooks-contrib=2022.14=py39haa95532_0
  - python=3.9.18=h1aa4202_0
  - python_abi=3.9=2_cp39
  - pywin32=305=py39h2bbff1b_0
  - pywin32-ctypes=0.2.2=py39hcbf5309_1
  - setuptools=68.2.2=py39haa95532_0
  - sqlite=3.41.2=h2bbff1b_0
  - tzdata=2023d=h04d1e81_0
  - ucrt=10.0.20348.0=haa95532_0
  - vc=14.2=h21ff451_1
  - vc14_runtime=14.38.33130=h82b7239_18
  - vs2015_runtime=14.38.33130=hcb4865c_18
  - wheel=0.41.2=py39haa95532_0
  - zipp=3.17.0=py39haa95532_0
  - pip:
      - async-timeout==4.0.3
      - certifi==2024.2.2
      - idna==3.6
      - pip==24.0
      - python-dotenv==1.0.1
      - redis==5.0.1
      - requests==2.31.0
      - six==1.16.0
      - spotipy==2.23.0
      - urllib3==2.2.0
prefix: C:\Users\Claud\anaconda3\envs\recsys
